[7.45622739e-02 1.31780535e-01 3.06620806e-01 1.77415699e-01
 1.28751948e-01 5.54071546e-01 1.17617901e-06 3.05268109e-01
 1.86967567e-01 2.40366742e-01 4.86487895e-01 8.05585384e-02
 1.03656285e-01 1.30190566e-01 8.85464475e-02 5.14585990e-05
 7.32784420e-02 7.63843283e-02 7.66460672e-02 1.27756506e-01
 3.90745848e-02 9.60753635e-02 1.97472930e-01 8.46760646e-02
 1.16026722e-09 1.10357299e-01 2.45244422e-07 9.30526778e-02
 1.65694043e-01 1.37937248e-01 3.14424157e-01 3.64454478e-01
 9.14781705e-13 5.13829850e-02 2.16953814e-01 1.65450767e-01
 4.22426313e-02 1.50392779e-07 2.29049250e-01 4.18248832e-01
 6.94296584e-02 1.99247990e-02 1.05968766e-01 4.00834978e-02
 1.33776412e-05 4.43773715e-05 2.05227196e-01 4.73748110e-02
 7.43672848e-02 1.23404086e-01 1.37964949e-01 1.44396354e-05
 5.03374772e-12 4.15547699e-01 6.39416214e-07 4.08517540e-01
 1.75127298e-01 1.34354740e-01 1.97201952e-01 2.02800155e-01
 1.18843898e-01 2.05525085e-01 2.83476584e-05 4.84941080e-02
 3.38533781e-02 1.43562895e-04 8.58892947e-02 8.15461129e-02
 3.20246670e-07 5.52391745e-02 6.94136843e-02 2.04513878e-01
 7.97563195e-02 3.47565860e-01 5.80822598e-06 5.52243106e-02
 1.47942156e-01 1.65904612e-06 1.46037489e-01 1.26332000e-01
 3.73888612e-02 3.38550031e-01 9.01788533e-10 3.67515266e-01
 8.69467631e-02 4.98361260e-01 2.03872719e-06 1.05080158e-01
 4.72737253e-01 3.59670408e-02 9.37746018e-02 7.56730959e-02
 1.64196700e-01 7.70096165e-08 4.47615497e-02 2.54107775e-08
 6.31557405e-02 5.51823905e-05 5.40147126e-01 4.69903797e-01
 1.72168277e-02 6.63565248e-02 9.48389843e-02 4.44569774e-02
 3.32940556e-02 2.72711366e-02 1.36847654e-02 5.49097434e-02
 9.99981642e-01 1.04867943e-01 2.66887639e-02 9.19476077e-02
 5.86005917e-05 4.93466482e-02 1.42642319e-01 1.87645561e-08
 1.74674600e-01 6.19743951e-02 6.88568875e-02 4.27070484e-02
 5.15195876e-02 6.17510602e-02 1.81003019e-01 3.44306380e-01
 4.03443635e-01 1.86644837e-01 5.60417064e-02 5.10153435e-02
 4.10536289e-01 1.68699995e-01 1.62753269e-01 4.99488897e-06
 8.12991709e-02 9.09290388e-02 1.82747334e-01 1.66392729e-01
 5.75940646e-02 3.08549069e-02 6.48021428e-11 1.47058890e-05
 9.99998450e-01 1.32576659e-01 5.97641431e-02 3.84608834e-09]
